00000001
00000205
00001279
00010669
00023817
00177041
02795281
03480712
04854721
15890449
24291943
24668821
25656635
25788001
26138433
26168685
26168686
26168787
26471531
26471533
26471534
26471535
26471536
26471537
26471538
26471539
26471540
26471541
26471542
26471543
26471544
26471545
26471546
26471547
26471548
26471632
26788144
27074358
27074359
27074360
27074361
27074362
27074363
27074364
27074365
27074366
27074367
27074368
27074369
27074370
27074371
27074372
27082440
27082920
27082921
27232433
27232434
27232435
27232436
27232437
27232438
27232439
27232440
27232441
27232442
27232443
27232444
27232445
27232446
27232447
27232448
27597041
27597043
27597044
27597045
27597046
27597047
27597048
27597049
27597050
27597051
27597052
27597053
27597054
27597055
27597142
27641988
27653170
27653172
27653173
27653174
27653175
27653176
27653177
27653178
27653179
27653180
27653181
27653182
27653183
27653184
27653185
27653186
27653187
27653271
27661431
27990915
28556093
44012373
45244782
45272271
45272857
45272956
45272958
45272959
45272960
45272961
45272962
45272963
45272964
45272965
45272966
45272967
45272968
45272969
45272970
45272971
45272972
45274649
45274650
45274651
45274652
45274653
45274654
45274655
45274656
45274657
45274658
45274659
45274660
45274661
45274662
45274663
45274664
45274665
45797072
47114983
47115378
47672684
48035599
48265993
49240480
49240481
49240482
49240483
49240484
49240485
49240486
49240487
49240488
49240489
49240490
49240491
49240492
49240493
49240494
49240714
49240715
49240716
49240717
49240718
49240719
49240720
49240721
49240722
49240723
49240724
49240725
49240726
49240727
49240728
49240729
49240730
49240901
49685490
60193336
60193530
60193913
63080478
63473291
63473819
63998289
