00000001
00000205
00001279
00010669
00014915
00023817
00177041
00543543
02795281
03480712
03974537
04854721
05346037
06726828
15890449
15890856
18623638
24291943
25656635
25672720
25788001
26138433
26168685
26471531
26704269
26714248
26760185
26788144
26857928
26916576
27074358
27082440
27232433
27406903
27597041
27597687
27641988
27653170
27661431
27990915
28556093
44012373
45244782
45272271
45272352
45272956
45274649
45534276
45797072
47114983
47115378
47672684
48035599
48109304
48265993
49240480
49240714
49240722
49240901
49685490
60193336
60193468
60193530
60193913
60459824
63080478
63473291
63998289
70994226
88949745
